7.5999 -0.4815 2.3774 1.2985
7.8990 -0.1219 2.7452 1.6448
6.1311 -0.5672 1.9856 1.1649
4.0605 -0.1806 1.4639 0.9654
2.6079 0.2218 1.0649 0.7744
1.9673 0.4704 0.8246 0.6541
1.1722 0.3715 0.6039 0.5789
0.8331 1.0118 0.7843 0.9242
0.9282 1.4341 0.9524 1.1009
0.9574 1.2489 0.9155 1.0965
0.8617 1.0500 0.8269 1.0124
0.5099 0.5054 0.5164 0.5582
8.3025 0.1327 2.9733 1.8211
8.4008 0.6022 3.3778 2.2541
5.7963 0.7305 2.6673 1.9383
3.6941 0.7713 1.9206 1.4803
2.8574 1.2233 1.4989 1.2453
0.9353 0.8010 0.9542 0.9753
0.9798 1.0156 0.8931 1.0163
1.1431 1.5362 1.0540 1.2400
1.6081 2.7290 1.5238 1.7589
1.3175 0.8653 0.8822 1.0110
1.1755 0.9384 0.9117 1.0289
0.8850 0.8374 0.7179 0.7327
7.6278 -0.3280 2.4975 1.3756
6.6415 1.1726 3.1663 2.2994
4.6659 1.2300 2.4663 1.8109
3.9337 1.0371 1.7538 1.3168
1.9252 0.9881 1.2275 1.0769
0.8348 0.7760 0.8725 0.8950
0.9031 0.9397 0.8339 0.9648
1.2265 1.3332 1.0573 1.2265
1.8416 2.4307 1.4905 1.7794
1.4513 1.2123 1.0578 1.2029
1.2569 1.6367 1.2191 1.3956
0.7959 0.9710 0.8441 0.9312
7.1942 -0.6662 2.1744 1.1446
6.0229 0.8870 2.7768 1.9792
3.7927 0.9782 2.0623 1.4613
2.2198 1.7605 1.7265 1.4483
1.7281 0.2666 0.8952 0.8319
0.9867 1.0306 0.9740 1.0980
1.1285 1.2093 0.9802 1.1248
1.9259 3.0644 1.7128 1.9835
2.5420 2.3605 1.5144 1.6983
2.3016 3.4562 1.7882 1.9934
1.7623 2.7187 1.5498 1.6346
2.6459 -0.6951 0.2834 0.0579
6.3306 0.0640 2.3862 1.5279
6.0361 0.5317 2.5987 1.7701
3.0633 1.3684 2.0911 1.7051
1.1425 0.7353 1.2134 1.0945
1.3359 0.8210 0.9777 0.9431
1.5606 1.0837 0.9891 1.0931
1.6329 2.3683 1.4348 1.6778
2.2819 4.5332 2.1848 2.3780
2.1578 4.2267 2.0759 2.2606
2.3764 3.6971 1.8227 1.9993
1.7942 2.4237 1.3863 1.4164
1.6848 0.5164 0.6849 0.6180
7.3298 -0.4645 2.3243 1.3079
7.0404 0.0117 2.5369 1.5811
3.6458 0.5278 1.8235 1.3634
1.2554 0.9106 1.2245 1.1132
1.0929 1.0767 0.9808 1.0367
1.7264 1.2960 1.0182 1.2529
1.7018 2.2418 1.3285 1.5622
1.8205 3.7922 1.8790 1.9967
1.9103 3.1273 1.6552 1.8281
2.2503 1.7465 1.2087 1.2871
1.9760 0.5404 0.8230 0.7362
1.2076 0.5890 0.7084 0.7650
7.8053 -0.9228 2.1780 1.0948
7.3816 -0.5433 2.3386 1.3356
4.3209 -0.2366 1.5469 0.9671
1.6824 0.8294 1.2025 1.1228
0.8652 0.7713 0.7985 0.8534
0.8832 0.9787 0.8375 1.0333
1.2384 1.6769 1.0928 1.3376
1.4694 1.7401 1.1323 1.2623
2.3215 2.6422 1.4869 1.6749
1.5471 1.3588 1.1078 1.1653
1.7959 -0.0368 0.6689 0.6060
1.5907 -0.4105 0.4388 0.3725
6.6413 -0.6884 1.9778 1.0867
6.0287 -0.3113 2.1240 1.3496
3.4354 0.3605 1.5769 1.1907
1.3900 1.1964 1.2786 1.2299
1.5348 2.1642 1.2675 1.3772
1.2688 2.3876 1.3548 1.5058
1.7678 2.6808 1.4316 1.6455
1.6810 1.6796 1.2433 1.4051
1.9432 1.7435 1.2804 1.3264
2.9553 0.4552 1.0246 0.8598
2.5529 -0.4852 0.6686 0.4685
1.9797 0.6328 0.9597 0.8804
4.4987 -0.8048 1.4392 0.8930
3.9014 -0.1808 1.6575 1.2372
1.9366 1.3010 1.5939 1.4817
1.7184 2.2432 1.5447 1.5180
1.5531 2.8040 1.5429 1.6678
2.3730 5.2846 2.3867 2.4416
2.5992 4.3207 2.0972 2.2408
3.7006 2.0242 1.4765 1.4121
10.4058 2.8394 1.8663 1.2987
3.1174 1.6145 1.4790 1.3280
2.7985 0.2149 1.0099 0.7913
2.1350 0.9035 1.1138 0.9563
3.2552 -0.2132 1.1916 0.8419
2.6027 0.0643 1.2555 1.0084
1.6487 0.5026 1.0809 1.0437
0.9729 0.9958 0.9530 1.0361
1.7867 3.4179 1.7704 1.9070
2.5396 3.7296 1.8996 2.1401
2.9452 2.8654 1.6741 1.8400
4.8127 2.0397 1.5026 1.4367
8.5950 3.2145 1.8927 1.4831
2.8418 1.8107 1.4721 1.3354
2.3613 0.0392 0.8790 0.6643
2.5988 0.7324 1.0500 0.8596
2.1589 1.0740 1.2114 1.0555
3.0881 -0.9629 0.5528 0.1543
0.9535 0.7615 0.9269 0.9862
1.3094 1.1626 0.9461 0.9972
1.5386 2.0941 1.2991 1.5128
1.9217 2.1903 1.4063 1.5873
2.8828 1.8889 1.3569 1.4642
3.8983 1.8369 1.2824 1.2569
2.1443 1.2651 1.0151 1.0527
1.2060 1.2403 1.0797 1.0495
2.2436 0.1093 0.8273 0.6333
2.0952 0.2802 0.8598 0.7048
0.9785 0.9454 0.9295 0.8007
0.9630 0.6038 0.8549 0.7382
0.9231 0.9358 0.8985 0.9034
0.9418 1.0370 0.8598 0.9418
1.2504 1.3077 1.0135 1.1613
1.8670 1.7136 1.2220 1.3324
2.1104 1.6004 1.2263 1.3236
3.3169 2.6141 1.4787 1.4784
1.4199 1.1959 0.8712 0.9657
0.9430 1.0128 0.8979 0.9006
2.1556 1.1257 1.1701 1.0797
2.7684 0.1709 0.8319 0.6468
1.2648 1.0071 0.9369 0.9575
0.9941 0.8665 0.9893 0.9844
0.9933 0.9780 0.9493 1.0207
1.0206 1.0065 0.9006 0.9959
1.1842 0.9608 0.8691 0.9598
1.4207 0.8256 0.8942 0.9561
1.7786 1.7800 1.2932 1.4092
2.3513 1.8140 1.2516 1.3219
1.7627 2.3638 1.3532 1.4631
1.3310 1.4629 1.0697 1.1580
2.7357 1.2076 1.1784 1.1028
2.6091 1.7557 1.3434 1.2698
1.1180 -0.2874 0.4590 0.4427
1.7126 -1.3215 0.1897 0.1026
1.2282 -1.2781 0.1155 0.0632
0.8131 0.8026 0.7737 0.8700
0.7124 0.8726 0.7453 0.8262
0.9084 1.0329 0.8865 1.0615
1.7610 1.5171 1.1223 1.2734
2.2805 2.1028 1.2584 1.3684
1.3030 1.8993 1.1625 1.2986
1.8721 1.0422 0.9130 1.0196
2.0932 1.9446 1.2919 1.3166
2.6448 1.5985 1.1445 1.0841
